B122222 3 4 5
0 1 CD344444 3 4 5
0 1 QW566666 3 4 5
0 1
0 2
0 3
2 2 2 2 2 2 2
3 3 3 3 3 3 3
4 4 4 4 4 4 4
0 1 AB122222 3 4 5
0 1 CD344444 3 4 5
0 1 QW566666 3 4 5
0 1
0 2
0 3
2 2 2 2 2 2 2
3 3 3 3 3 3 3
4 4 4 4 4 4 4
0 1 AB122222 3 4 5
0 1 CD344444 3 4 5
0 1 QW566666 3 4 5
0 1
0 2
0 3
2 2 2 2 2 2 2
3 3 3 3 3 3 3
4 4 4 4 4 4 4
0 1 AB122222 3 4 5
0 1 CD344444 3 4 5
0 1 QW566666 3 4 5
0 1
0 2
0 3
2 2 2 2 2 2 2
3 3 3 3 3 3 3
4 4 4 4 4 4 4
0 1 AB122222 3 4 5
0 1 CD344444 3 4 5
0 1 QW566666 3 4 5
0 1
0 2
0 3
2 2 2 2 2 2 2
3 3 3 3 3 3 3
4 4 4 4 4 4 4
0 1 AB122222 3 4 5
0 1 CD344444 3 4 5
0 1 QW566666 3 4 5
0 1
0 2
0 3
2 2 2 2 2 2 2
3 3 3 3 3 3 3
4 4 4 4 4 4 4
0 1 AB122222 3 4 5
0 1 CD344444 3 4 5
0 1 QW566666 3 4 5
0 1
0 2
0 3
2 2 2 2 2 2 2
3 3 3 3 3 3 3
4 4 4 4 4 4 4
0 1 AB122222 3 4 5
0 1 CD344444 3 4 5
0 1 QW566666 3 4 5
0 1
0 2
0 3
2 2 2 2 2 2 2
3 3 3 3 3 3 3
4 4 4 4 4 4 4
0 1 AB122222 3 4 5
0 1 CD344444 3 4 5
0 1 QW566666 3 4 5
0 1
0 2
0 3
2 2 2 2 2 2 2
3 3 3 3 3 3 3
4 4 4 4 4 4 4
0 1 AB122222 3 4 5
0 1 CD344444 3 4 5
0 1 QW566666 3 4 5
0 1
0 2
0 3
2 2 2 2 2 2 2
3 3 3 3 3 3 3
4 4 4 4 4 4 4
0 1 AB122222 3 4 5
0 1 CD344444 3 4 5
0 1 QW566666 3 4 5
0 1
0 2
0 3
2 2 2 2 2 2 2
3 3 3 3 3 3 3
4 4 4 4 4 4 4
0 1 AB122222 3 4 5
0 1 CD344444 3 4 5
0 1 QW566666 3 4 5
0 1
0 2
0 3
2 2 2 2 2 2 2
3 3 3 3 3 3 3
4 4 4 4 4 4 4
